Accuracy: 0.8810
Precision: 0.8294
Recall: 0.8810
F1 Score: 0.8452

Detailed Classification Report:
              precision    recall  f1-score   support

           1       0.33      1.00      0.50         1
           2       0.00      0.00      0.00         1
           3       1.00      1.00      1.00         1
           4       0.50      1.00      0.67         1
           5       0.00      0.00      0.00         1
           6       1.00      1.00      1.00         1
           7       1.00      1.00      1.00         1
           8       1.00      1.00      1.00         1
           9       1.00      1.00      1.00         1
          10       1.00      1.00      1.00         1
          11       1.00      1.00      1.00         1
          12       1.00      1.00      1.00         1
          13       1.00      1.00      1.00         1
          14       1.00      1.00      1.00         1
          15       1.00      1.00      1.00         1
          16       0.50      1.00      0.67         1
          18       1.00      1.00      1.00         1
          20       1.00      1.00      1.00         1
          22       1.00      1.00      1.00         1
          23       1.00      1.00      1.00         1
          25       1.00      1.00      1.00         1
          26       1.00      1.00      1.00         1
          27       1.00      1.00      1.00         1
          28       1.00      1.00      1.00         1
          29       1.00      1.00      1.00         1
          30       0.00      0.00      0.00         1
          31       1.00      1.00      1.00         1
          32       1.00      1.00      1.00         1
          33       1.00      1.00      1.00         1
          34       1.00      1.00      1.00         1
          35       1.00      1.00      1.00         1
          39       1.00      1.00      1.00         1
          40       1.00      1.00      1.00         1
          41       1.00      1.00      1.00         1
          43       1.00      1.00      1.00         1
          44       1.00      1.00      1.00         1
          45       0.00      0.00      0.00         1
          46       0.00      0.00      0.00         1
          47       0.50      1.00      0.67         1
          48       1.00      1.00      1.00         1
          49       1.00      1.00      1.00         1
          50       1.00      1.00      1.00         1

    accuracy                           0.88        42
   macro avg       0.83      0.88      0.85        42
weighted avg       0.83      0.88      0.85        42
